09427
09002
09001
11001
11003
09003
09021
11005
11697
11007
11959
11011
09037
07921
10994
11026
09040
07001
02044
11052
11722
07954
43384
13348
13350
13353
13355
13357
13358
13360
11086
11084
11735
11082
11081
11734
11605
11609
11080
09046
09048
09042
09043
09052
09352
09163
09055
09054
09050
09353
09053
07006
07007
07008
07008
42129
42129
42129
42161
42161
07960
07959
07959
07952
07971
07010
07936
07936
07937
07937
07011
11613
09056
09057
07922
07923
07924
07013
07910
07014
09059
11088
11097
11096
11969
11742
11091
11740
11743
11093
11092
11744
11095
11094
11090
11741
07015
11745
11099
11746
11101
11100
11098
11747
11105
11104
01003
43214
04601
04602
01001
01002
01145
43144
11970
11109
11752
11113
11112
11753
11115
11114
10998
10130
02054
09060
11122
09061
11655
11683
11960
11759
11758
11128
11126
11757
11125
11760
11131
11130
11124
11134
11935
11949
11949
11761
11136
11762
11138
11137
11967
11968
11965
11135
11763
11142
11141
11764
11144
11143
11145
11765
11148
11147
11766
11150
11149
43278
01061
01004
01005
01006
01007
01008
01009
01265
01265
01260
01260
01270
01270
01010
01011
01012
01013
01016
42235
42235
43352
43352
43396
43396
01015
01014
43273
01017
01186
01186
43274
43274
01227
01018
01019
01020
01228
01021
01156
01157
01159
01022
01023
01024
01168
01169
01251
01209
01165
01166
01167
01025
42155
42155
01029
01271
01271
43597
42304
01028
01026
01027
01027
01030
42303
42303
01031
01204
01032
01033
43340
01146
01034
01035
01208
01208
01037
01036
01038
01039
01040
43589
43589
43405
43405
01266
01041
01229
07016
09062
09362
09063
09070
09044
07961
07932
07933
07017
07018
11152
11154
11151
11615
11156
07019
11698
11767
11158
11157
09433
11161
11165
11656
11184
11900
11167
11182
07020
11190
11191
11780
11202
11201
11779
11198
11197
09077
09079
09078
43382
09081
09082
01049
01053
01050
01052
01199
01056
01055
01054
11781
11204
11203
11206
11205
09083
09084
09085
11782
11208
11207
09087
09421
01070
01071
01072
01073
02045
11616
04706
11786
11223
11222
11787
11621
11620
01225
09422
07021
11212
11211
01124
01123
01125
01057
11209
09088
11213
11984
11618
09334
11957
09095
09094
09089
11985
06963
04589
04590
04591
04592
04592
04593
04594
11988
11215
11216
09109
09107
11785
11221
11220
11784
11219
11218
09512
11975
11974
09404
09124
09123
09128
09111
09112
09116
09131
09129
06114
06115
06116
06957
06118
06119
06120
06985
06958
06959
06977
06121
06122
06123
06124
06125
06126
06127
09138
09434
09435
09143
09139
09140
07032
07033
07031
07026
07027
07938
07030
07028
07029
07034
11961
07088
09451
02055
11788
11225
11224
01264
01240
01239
01238
01241
01241
01242
01242
01237
01263
01236
42117
08580
09420
09144
09145
11226
11228
09443
09444
11789
11232
11231
11790
11234
11791
11236
11235
11233
11792
11623
11622
11237
07968
07969
07970
07037
07934
09445
09148
07038
11793
11242
11241
09149
11794
11245
04002
07039
11795
11247
11246
11624
11972
09153
09154
09152
09156
09150
11248
11250
11251
11253
11252
11257
11715
11714
11032
11039
11037
11031
09161
09160
09159
09165
09164
07040
07041
07911
09167
09173
09172
09174
11796
11255
11254
07042
07909
07908
07045
07090
07060
07940
11986
09175
09436
09176
09177
09328
04630
04683
04610
04691
04691
04617
04696
04696
04611
04692
04692
04618
04073
43598
43355
42178
04708
42138
04606
07972
09185
09181
09183
09184
01175
42290
01106
01107
43543
01108
01089
01085
01151
01078
01079
01174
01077
01211
43483
11258
09190
11045
11043
11266
11264
11239
11950
11993
11240
11987
11243
11265
11260
11263
09191
11964
11963
12059
12058
12061
12062
12062
12563
12563
12063
12063
12206
12206
12665
12565
12567
12065
12077
12078
12084
12588
12088
12585
12085
12087
12094
12093
12096
12101
12100
12099
12098
12097
12167
12203
12175
12202
12204
12120
12121
12121
12122
12130
12131
12142
12643
12643
12143
12143
12644
12144
12145
12147
12149
12151
12154
12155
12156
09192
04529
04530
04581
04534
04582
04501
04047
04685
42289
44005
04502
04541
42231
04707
04517
04532
04583
04572
04588
04053
04055
04679
04042
04514
04037
04058
04536
04531
04044
04034
04034
04543
04543
04584
04060
04506
04545
04516
04515
04573
04528
04038
11803
11279
11804
11281
11280
11278
07051
09195
09194
09193
11295
11285
11805
11283
11284
11282
11291
11294
11286
11292
09207
09206
09216
09452
09217
09200
09201
09203
09202
09205
09229
09228
09226
01185
11625
11297
11808
11299
11298
09232
09233
09231
07925
07052
07053
07054
07055
07942
09407
09251
09236
09243
09408
09262
09340
09252
09412
09412
09414
09414
09415
09415
09413
09413
11322
11324
11326
11300
11304
11316
11230
11976
07056
02064
07057
11978
11980
11819
11981
11632
11979
11982
11977
11821
11921
11951
09264
09263
09265
07058
11958
11944
11945
11983
11937
11947
11941
11946
11946
11940
11948
07062
11826
11345
11344
11943
09409
09273
09275
09274
09266
09430
09429
09276
09278
09446
09277
09447
09279
11349
07059
09442
09286
10165
10004
10005
10220
10219
10974
10977
10975
10978
10972
10976
10979
10973
43297
10898
11413
11672
11399
11398
11414
06969
11352
11671
11362
11358
11355
11356
11353
11386
11372
11844
11357
11354
07067
09287
09294
09423
09288
09290
09289
09295
11417
11416
11848
11419
11418
11426
11846
11424
11845
11423
11847
11422
11849
11428
11427
01267
09296
11952
11676
43142
11850
11431
11432
11430
11429
11637
09297
09299
09298
09301
09304
09306
09518
09302
01200
09310
09309
09307
07912
07043
09311
02063
09428
11851
11436
11435
07068
07069
07069
07070
07071
07072
07072
07926
07941
07941
07913
02047
09313
09314
43350
11439
07004
42262
07928
07089
07036
07914
07927
07915
07916
07917
07075
07918
07919
07929
07083
11922
11448
11447
11640
11677
27002
01180
01074
01179
01178
01058
09315
11853
11451
11450
11453
11923
11923
11452
02066
02065
02001
02002
02003
02004
02005
02006
02007
02008
02009
02010
02011
02012
02013
02014
02015
02016
02017
02018
02019
02020
02021
02022
02023
02024
02025
02026
02027
02028
02029
02030
02031
02032
02033
02034
02035
02036
02037
02038
02039
02041
02042
02043
11658
11457
11953
09316
11503
11873
11504
31025
11507
09322
09221
09218
11518
11525
02049
11954
11527
11695
11955
11956
11696
07955
11568
11564
02050
02051
02052
02069
02048
02053
02068
11990
11588
11590
11591
09326
11593
01113
01112
01115
01114
42135
11595
07930
11601
11603
11199
11991
01117
01118
01116